# INCOIS / CORIOLIS ARGO OBSERVATION DATA TABLE
# PLATFORM: 2902214
# DATE: 2026-09-04T06:30:00Z
# LATITUDE: 14.500 N
# LONGITUDE: 66.200 E
# CYCLE_NUMBER: 84
# COLUMNS: PRES(dbar) TEMP(degC) PSAL(psu) DOXY(ml/l) QC_FLAG
     0    25.888    36.435      1.33   1
     5    25.651    36.407      1.33   1
    10    25.302    36.414      1.34   1
    15    24.982    36.401      1.32   1
    20    24.682    36.404      1.54   1
    30    23.783    36.356      1.53   1
    40    22.825    36.362      1.65   1
    50    21.787    36.337      1.78   1
    60    20.564    36.314      1.97   1
    75    18.684    36.256      2.03   1
    90    16.626    36.288      2.28   1
   101    15.254    36.236      2.52   1
   126    12.230    36.221      2.94   1
   151     9.730    36.206      3.57   1
   176     8.077    36.191      3.85   1
   202     6.953    36.172      4.24   1
   252     5.774    36.129      4.40   1
   303     5.181    36.137      4.60   1
   353     4.979    36.072      4.77   1
   404     4.823    36.123      4.82   1
   454     4.606    36.097      4.74   1
   505     4.563    36.128      4.81   2
   606     4.178    35.869      4.78   1
   707     3.890    35.654      4.69   1
   808     3.728    35.490      4.93   1
   909     3.585    35.368      4.67   1
  1010     3.396    35.224      4.78   1
  1111     3.292    35.188      4.53   1
  1212     3.111    35.099      4.88   1
  1313     3.108    35.045      4.85   1
  1414     2.930    34.982      4.73   1
  1515     2.857    34.928      4.88   1
  1616     2.800    34.906      4.84   1
  1717     2.736    34.841      4.76   1
  1818     2.782    34.793      4.91   1
  1919     2.626    34.786      4.82   1
  2020     2.731    34.802      4.91   1
